100
89 83 24 64 75 86 85 51 80 8 40 90 69 62 23 15 47 54 10 70 94 50 81 72 45 59 58 99 29 49 11 36 76 9 79 20 53 37 63 55 88 12 78 48 65 73 14 56 31 46 19 100 93 98 34 26 66 33 84 61 41 18 52 95 2 42 13 32 67 35 96 4 39 5 43 68 30 74 91 28 1 71 21 22 3 44 82 57 87 17 6 25 97 16 77 92 27 7 38 60
84 38 39 64 54 56 48 18 91 12 94 50 31 44 63 79 52 15 30 53 95 82 27 17 41 62 93 37 76 16 73 5 70 85 55 83 40 65 8 80 47 1 60 67 3 88 11 69 29 35 49 20 66 92 81 58 25 78 59 68 2 36 19 4 14 99 42 57 34 51 96 33 32 77 74 97 26 89 87 71 21 9 10 13 28 6 86 45 43 24 61 22 7 75 23 46 100 98 72 90
27 78 98 11 36 50 13 79 72 7 18 87 23 25 5 28 65 59 45 14 29 56 32 20 55 37 26 41 64 97 35 77 99 57 17 58 49 47 1 54 38 82 90 96 76 52 74 68 46 3 61 33 8 10 71 84 62 100 88 16 19 9 15 12 39 51 22 34 6 95 89 42 70 66 43 85 2 83 94 48 81 63 93 40 69 73 91 24 67 53 4 30 86 92 80 31 60 21 75 44
39 90 66 49 45 17 95 62 32 2 52 80 79 47 92 40 9 85 27 48 87 57 43 23 65 6 77 54 96 12 31 72 22 89 59 24 55 60 78 53 41 91 10 61 81 71 36 42 1 33 20 99 69 8 15 37 26 56 3 50 75 82 19 7 74 14 38 98 34 100 83 21 86 16 58 13 5 28 94 84 18 73 46 30 44 11 64 25 70 88 76 4 29 97 93 51 35 63 68 67
38 36 51 84 20 17 60 26 91 79 54 46 95 35 100 96 47 23 85 92 24 56 69 87 4 82 34 44 57 1 88 58 7 97 28 5 63 61 43 52 48 59 98 13 12 39 29 75 68 41 62 40 70 73 77 27 76 8 33 89 11 74 83 71 66 25 80 32 42 94 18 6 2 78 16 64 21 67 37 3 31 72 99 65 55 86 49 90 19 22 50 15 9 93 30 14 53 81 45 10
12 37 90 64 83 63 19 55 25 34 84 46 10 69 75 17 39 59 30 16 6 97 7 29 11 91 54 96 62 78 18 27 99 76 31 5 2 98 70 87 32 93 94 38 15 43 95 51 42 21 74 53 66 4 57 35 1 26 49 47 100 80 82 36 56 33 92 73 89 20 72 8 85 44 24 50 81 45 52 13 23 61 28 65 58 86 40 14 48 41 79 67 9 60 71 77 68 22 3 88
78 47 43 4 26 12 48 100 16 31 96 3 94 88 52 27 8 54 6 59 89 98 77 9 65 93 80 73 10 38 37 62 56 76 1 13 50 91 67 64 32 85 28 66 49 40 20 53 90 87 95 30 68 60 25 21 63 14 11 55 81 7 33 2 61 71 42 84 57 99 83 82 39 41 19 23 51 79 45 69 92 36 97 70 72 29 17 46 74 15 44 22 75 86 5 34 24 58 35 18
27 48 63 28 93 45 60 81 17 85 91 72 38 57 55 41 73 14 100 25 34 97 70 69 44 11 86 68 67 7 84 15 39 89 64 52 9 49 99 21 29 24 96 92 79 83 74 10 51 30 32 90 33 35 3 82 47 22 75 59 12 16 76 88 58 94 53 80 42 6 40 78 62 56 31 71 98 66 77 26 8 1 13 20 2 50 5 36 43 19 18 95 61 87 23 65 54 37 4 46
55 83 53 37 30 64 40 75 69 60 17 67 78 77 73 82 11 27 61 86 20 7 98 99 6 42 72 59 22 13 91 46 21 47 41 2 100 3 34 16 95 31 25 90 63 76 80 15 66 52 35 32 71 9 18 14 85 38 57 51 93 10 48 79 70 62 87 4 43 49 23 94 33 28 19 45 54 8 74 44 29 58 96 56 84 26 24 39 12 5 81 50 65 36 1 92 89 88 68 97
4 54 20 62 40 64 98 53 69 99 80 56 75 3 52 25 17 30 42 83 32 71 23 39 15 8 93 86 45 27 94 57 60 9 73 95 13 36 18 7 50 91 77 48 28 34 47 85 58 1 29 87 24 92 96 37 88 66 41 11 19 22 59 81 33 63 38 72 82 67 16 97 61 90 21 68 65 35 49 5 6 10 78 12 2 46 43 89 51 70 31 100 26 84 55 79 14 74 44 76
48 96 52 5 95 92 29 81 49 98 21 74 12 13 70 1 85 36 76 89 61 63 57 20 93 7 72 80 55 11 65 51 64 44 28 26 41 3 90 87 82 62 97 16 73 47 25 27 60 58 59 69 99 86 31 8 34 30 38 33 22 94 100 75 32 42 46 10 53 18 91 66 24 6 43 9 79 35 84 77 39 68 50 45 54 15 37 2 88 19 56 71 40 67 78 17 4 14 23 83
42 71 18 49 12 32 63 55 100 25 22 86 81 53 9 36 80 6 34 30 44 94 31 67 56 92 8 13 95 4 66 27 35 59 2 38 64 43 19 39 91 48 24 78 20 73 7 54 33 61 5 89 41 11 16 72 29 76 58 10 40 98 60 17 85 52 96 93 3 88 14 62 45 79 77 28 23 97 74 99 26 83 57 51 70 37 15 21 90 82 69 68 50 46 75 47 87 1 65 84
93 49 82 64 89 54 95 77 8 40 41 28 76 87 62 55 24 99 85 43 84 71 70 47 88 1 19 86 45 48 42 52 60 29 78 51 34 3 69 36 94 100 81 14 83 22 39 9 15 20 17 73 59 72 61 92 79 65 98 46 16 50 66 26 32 10 97 25 75 96 80 68 11 31 33 57 13 44 2 56 4 6 30 74 37 91 5 7 27 58 21 53 18 12 23 63 90 38 35 67
18 56 12 59 81 77 68 45 16 1 90 8 38 72 14 39 92 75 53 48 13 31 17 91 83 19 11 41 84 95 73 64 65 40 71 66 47 42 94 62 27 98 87 21 51 46 63 52 44 97 3 76 96 26 36 70 33 50 79 61 25 15 58 6 9 37 32 69 82 78 10 29 20 5 7 89 80 30 4 54 24 2 93 57 23 34 22 88 85 100 43 55 86 99 49 28 60 67 35 74
4 61 86 23 53 20 84 37 26 76 11 89 55 31 44 79 43 25 10 60 6 63 77 18 47 40 7 100 64 41 3 29 65 13 17 33 46 2 36 12 93 82 72 83 78 62 73 1 9 52 90 27 5 50 91 81 58 69 66 57 98 22 38 30 94 45 49 88 34 74 42 87 28 75 67 15 59 99 96 56 95 48 35 39 97 24 16 32 85 21 68 92 71 70 54 19 14 80 51 8
15 82 3 76 49 63 86 66 34 35 39 100 8 36 81 22 58 17 77 83 70 65 88 48 43 23 91 4 57 71 46 13 19 9 27 7 56 79 29 67 10 61 21 11 44 52 12 25 33 93 78 90 96 28 51 30 64 40 32 68 54 89 85 73 1 74 98 53 18 24 2 31 42 69 6 97 72 26 60 75 47 45 99 14 80 94 87 41 16 55 50 95 92 38 59 20 62 5 37 84
99 98 24 95 64 80 16 84 1 22 2 14 66 71 13 70 62 10 79 65 56 21 45 53 94 69 96 34 60 40 92 89 83 54 8 48 59 38 87 32 6 39 9 5 81 36 68 55 91 26 27 74 20 43 31 86 46 72 12 85 49 76 90 73 35 75 41 82 23 52 77 15 61 50 7 63 18 78 37 11 29 42 100 93 28 30 19 3 47 44 58 88 4 67 25 17 57 97 51 33
59 91 32 25 26 51 98 83 58 72 52 7 74 53 71 3 9 54 21 10 89 68 86 29 28 12 2 73 11 42 44 57 69 38 62 4 85 56 77 36 45 16 90 66 79 88 18 92 27 60 39 81 93 8 78 19 15 99 63 41 95 34 35 65 55 48 70 24 75 47 76 40 87 64 20 37 43 30 84 100 1 50 49 14 31 33 5 46 96 17 82 80 97 6 22 67 61 23 13 94
5 47 50 52 79 24 84 98 100 31 71 83 49 53 99 22 11 23 39 35 12 15 19 20 78 27 59 96 2 41 80 29 4 56 43 34 16 7 21 57 40 90 63 10 45 64 73 61 89 18 67 65 44 25 77 75 66 33 9 54 8 76 85 93 62 1 37 14 46 26 74 48 70 6 95 13 81 82 86 28 87 97 92 91 30 36 68 94 72 55 3 17 60 88 69 32 42 51 58 38
96 23 16 43 74 82 97 54 58 94 17 52 69 83 2 88 78 53 87 72 56 14 37 31 65 79 73 55 98 13 59 81 26 42 62 93 84 85 33 5 51 11 47 10 95 20 40 70 99 61 7 64 36 21 3 86 1 57 15 66 22 38 50 12 30 71 80 75 90 19 35 34 24 45 100 91 46 68 77 39 41 8 4 6 9 60 49 92 44 48 29 18 89 63 27 67 32 28 25 76
73 34 75 39 85 49 16 80 14 42 56 33 1 3 99 100 65 48 98 38 54 55 29 31 17 57 19 41 4 8 82 58 71 60 93 78 51 36 79 20 44 96 64 50 61 86 32 21 26 2 12 72 43 28 52 40 62 95 7 22 5 35 92 81 18 90 23 30 67 15 69 87 97 46 94 63 25 24 83 9 27 37 53 68 6 76 11 10 84 47 70 88 91 66 45 74 89 59 77 13
20 66 81 1 39 59 69 62 55 14 73 70 38 31 64 51 58 47 17 84 71 37 100 25 32 9 52 90 78 82 65 91 45 83 28 15 2 7 10 67 56 87 80 57 30 35 48 49 98 68 13 89 36 12 96 94 26 76 46 53 77 44 29 40 95 97 60 42 63 75 72 54 6 41 19 23 74 18 8 5 11 99 27 33 50 61 3 86 92 34 79 88 43 85 16 4 22 93 24 21
77 68 67 4 73 34 99 2 5 72 16 36 7 89 93 43 79 13 86 82 33 96 59 71 28 31 41 35 32 80 83 20 54 69 23 90 40 65 55 39 9 53 56 61 92 44 46 17 29 85 37 47 87 38 91 62 98 27 95 12 60 58 78 30 25 52 3 42 70 1 21 48 49 84 64 11 66 50 81 14 45 94 97 8 15 63 51 24 22 10 88 100 26 57 6 19 74 76 75 18
80 52 8 70 99 66 25 31 91 47 3 44 60 14 94 19 72 87 86 15 50 35 53 61 84 41 82 98 48 42 92 16 30 67 38 90 71 40 56 18 12 76 21 73 2 4 6 63 57 45 49 33 83 93 95 65 88 89 97 20 28 54 11 5 13 74 68 69 1 26 51 77 43 75 96 10 9 34 39 29 24 55 27 78 46 7 79 36 58 62 100 81 23 37 59 32 85 22 17 64
32 9 78 16 1 86 4 53 2 11 38 80 43 12 81 56 55 47 17 36 63 21 50 99 39 74 6 64 29 40 73 75 71 48 77 37 3 31 57 49 20 22 79 70 5 91 52 89 54 72 46 41 24 45 10 19 23 68 69 96 83 26 67 30 51 34 33 76 44 88 94 62 66 93 59 82 92 35 85 7 84 60 87 25 100 13 8 90 14 28 97 18 42 98 15 58 27 65 95 61
86 47 7 36 85 4 46 100 62 53 15 77 1 32 76 30 75 58 57 19 37 25 9 31 84 56 43 21 41 92 88 27 73 6 93 55 59 23 74 68 33 40 20 10 8 79 51 44 96 39 29 13 28 90 61 52 12 98 72 65 69 34 89 22 42 83 3 38 71 16 80 54 67 14 26 87 64 5 97 81 60 35 99 66 94 78 18 95 45 11 50 17 91 2 63 82 48 49 70 24
82 15 73 8 72 21 76 14 92 27 40 93 43 63 78 11 35 64 31 3 22 67 30 51 33 18 41 34 32 2 45 59 81 5 87 10 83 36 58 88 80 60 99 25 46 71 85 16 1 6 12 42 89 100 23 68 86 20 54 48 70 74 52 28 79 91 55 44 98 38 50 65 49 9 13 94 77 57 24 75 39 7 96 61 90 53 37 95 26 84 56 29 62 17 47 66 19 97 4 69
37 1 9 52 83 78 50 77 75 64 5 82 61 42 71 39 54 98 24 99 44 28 16 69 2 27 84 35 60 66 19 95 62 81 15 11 85 100 43 59 74 55 68 65 22 90 67 14 29 47 18 20 96 49 91 48 4 97 30 72 94 3 93 80 21 33 92 70 46 63 53 7 17 87 57 79 86 6 58 32 36 38 8 13 89 31 26 88 76 25 34 56 45 40 73 23 10 51 41 12
71 41 83 70 51 94 31 22 40 50 97 54 47 15 28 18 6 27 100 16 82 8 7 30 36 3 5 65 81 69 90 72 25 14 4 62 21 79 75 93 9 23 34 11 80 43 53 2 56 12 85 48 63 91 58 19 87 96 67 20 92 64 99 49 98 46 74 73 45 76 52 1 60 26 24 84 13 32 39 61 44 33 42 55 88 10 95 57 78 89 38 59 17 29 66 37 35 77 86 68
38 60 18 77 4 9 70 28 98 50 2 15 91 26 84 5 51 68 46 62 69 6 52 33 55 56 13 43 45 99 44 11 88 40 54 20 76 21 63 71 80 86 48 93 29 97 96 64 23 89 75 31 35 8 32 1 94 61 19 78 100 39 27 53 92 7 67 90 95 36 17 87 24 59 57 34 16 30 14 10 74 82 66 58 79 3 12 85 83 81 41 72 49 42 22 25 65 37 47 73
14 42 92 30 72 78 55 27 18 59 1 67 89 96 73 37 95 35 13 65 69 24 39 49 5 50 17 99 58 53 52 97 57 85 6 16 90 40 48 68 87 12 60 34 79 41 22 80 62 33 88 82 63 94 86 100 36 11 15 74 32 91 83 81 54 66 46 64 47 31 45 76 71 19 10 3 51 77 4 23 25 20 93 26 29 56 43 21 2 44 61 70 8 28 9 98 38 75 84 7
49 72 70 5 89 23 97 51 16 24 4 75 42 21 32 53 43 15 86 26 57 98 48 96 84 78 13 8 31 85 30 37 27 14 54 3 12 18 33 17 7 67 77 63 92 80 25 87 62 74 58 9 45 40 41 52 64 79 82 47 91 20 90 65 56 95 71 73 66 76 88 34 93 2 69 50 22 19 44 83 100 39 6 99 61 46 1 36 81 28 68 55 59 94 10 38 11 29 60 35
7 50 49 25 18 30 28 19 54 26 33 14 45 10 89 75 60 95 87 20 83 97 1 71 35 12 55 46 93 85 16 65 69 92 100 81 53 29 5 15 13 82 84 56 59 38 22 73 43 11 9 34 31 44 48 77 17 91 72 23 3 66 86 99 90 88 74 94 76 39 47 96 36 6 42 80 58 64 27 32 57 2 70 61 24 51 4 41 79 67 52 78 8 40 62 98 37 21 68 63
76 59 1 78 73 41 48 83 65 94 22 69 26 17 82 27 98 67 70 2 45 49 85 34 21 74 57 50 51 16 77 56 18 11 37 84 62 91 68 8 9 99 52 88 90 44 92 87 75 6 64 39 15 33 81 31 30 89 43 47 79 24 13 32 29 46 4 63 10 7 53 38 61 5 60 95 71 19 40 86 28 72 96 42 12 66 14 100 36 25 80 35 58 3 97 93 55 23 54 20
60 86 30 49 90 73 84 76 81 41 22 99 27 92 42 67 40 77 34 48 2 46 25 4 28 61 51 52 18 19 68 33 37 93 89 43 79 96 31 36 24 9 71 1 95 50 98 15 100 63 44 32 91 74 97 57 8 83 45 82 78 29 88 72 65 3 21 16 55 35 7 11 75 12 80 69 87 13 59 66 56 94 70 6 17 64 20 62 10 47 58 38 14 23 5 53 26 39 54 85
52 74 36 97 61 82 25 39 16 34 54 99 44 89 92 27 32 95 17 40 78 63 38 88 50 98 21 87 79 73 47 1 76 66 7 37 43 94 23 12 96 4 53 72 9 29 41 22 93 69 56 28 8 10 45 24 2 11 65 5 51 55 83 42 58 20 15 90 81 19 70 13 18 26 80 91 33 67 85 46 64 60 77 49 59 71 14 84 35 86 75 48 6 30 62 31 68 100 57 3
89 1 98 47 8 65 71 67 12 95 61 15 23 100 78 27 38 70 32 45 35 6 19 75 28 39 60 77 68 97 88 26 4 91 24 96 73 52 18 59 44 56 20 94 46 29 50 17 10 92 41 72 9 3 34 22 11 40 55 49 30 13 87 48 76 2 5 31 66 69 37 62 14 90 58 54 93 53 21 36 99 43 86 64 79 25 57 85 81 7 84 82 83 74 16 51 33 63 42 80
89 8 79 90 58 2 91 86 23 53 52 6 11 24 71 75 25 37 12 93 29 73 44 76 57 36 70 51 95 14 80 16 26 46 65 48 45 4 54 28 47 34 81 17 92 82 99 20 22 32 62 19 38 49 78 66 27 3 33 72 83 5 85 59 30 42 13 100 87 94 43 69 55 88 35 96 63 15 77 7 84 61 98 9 50 41 39 68 60 97 31 67 1 64 74 40 10 21 56 18
21 72 45 46 7 4 98 75 87 83 10 44 76 13 71 53 27 97 50 34 9 55 1 16 48 61 100 43 40 49 58 92 18 28 85 96 17 30 8 47 81 31 14 94 68 86 60 2 73 26 59 15 52 79 29 42 95 56 93 91 39 41 24 19 25 99 84 77 62 88 82 32 70 63 90 20 67 74 89 65 35 66 3 54 38 36 5 51 11 69 33 12 80 78 6 37 64 22 57 23
86 23 38 22 27 84 61 18 52 21 60 85 70 67 73 93 37 41 33 3 55 35 8 51 63 14 81 87 56 34 10 16 57 58 49 6 80 90 77 96 39 29 68 65 30 78 28 19 100 1 88 45 69 91 50 7 82 83 36 40 20 11 99 12 66 72 9 97 32 42 74 46 79 89 64 71 4 95 26 24 76 31 59 43 62 2 75 94 47 48 54 13 17 44 53 15 98 25 92 5
3 39 36 75 76 12 18 87 37 90 38 81 88 63 43 54 58 40 45 66 31 29 27 60 69 51 20 35 67 52 28 86 91 4 15 70 77 32 53 50 46 71 23 25 33 68 98 94 96 34 92 13 21 2 48 93 55 64 72 49 85 14 59 19 62 8 65 22 74 47 44 100 84 41 61 16 11 57 99 89 24 83 10 17 78 73 7 95 9 42 5 26 56 80 79 6 82 30 1 97
70 12 53 11 35 28 98 73 99 69 1 62 40 34 97 77 14 93 61 76 55 31 23 60 30 46 26 41 56 68 87 80 48 21 81 92 25 7 24 36 42 83 49 100 82 79 19 59 50 5 95 65 94 67 72 45 10 13 85 2 29 37 54 17 58 66 57 43 96 89 3 9 20 63 39 90 32 18 4 78 22 27 74 86 6 91 88 64 38 52 33 84 8 15 75 16 71 44 47 51
4 40 80 26 27 82 90 2 68 92 75 23 37 39 96 43 33 28 7 73 38 61 8 78 36 22 14 12 5 85 77 89 94 69 100 98 67 91 66 48 83 41 9 84 64 46 35 57 58 21 60 54 44 88 70 51 17 63 55 93 45 52 65 19 1 79 47 32 50 31 97 87 11 74 62 13 25 20 10 76 56 49 81 99 3 71 18 95 59 53 29 6 34 42 86 30 72 24 16 15
13 3 96 68 17 32 37 30 31 59 6 49 61 39 72 35 46 42 86 56 18 5 57 8 88 29 67 47 62 9 21 70 73 11 58 66 98 76 54 36 93 25 84 100 75 2 65 97 60 63 45 53 41 74 90 80 7 82 91 34 87 38 99 1 64 85 48 78 83 79 24 40 50 4 23 77 33 55 92 51 14 71 26 16 22 43 12 95 27 81 89 28 69 94 10 19 15 52 44 20
11 29 62 61 68 93 34 9 85 25 22 53 18 90 81 100 50 73 16 54 83 30 43 89 51 67 1 6 63 64 2 95 82 23 99 31 96 13 20 56 38 84 8 4 65 44 79 27 46 80 47 37 86 94 40 74 19 49 59 71 88 66 10 78 26 32 52 69 7 92 36 35 3 5 72 24 57 75 48 70 98 12 45 76 39 91 42 41 28 21 97 87 77 17 55 58 15 14 60 33
90 4 31 64 19 71 28 69 77 91 58 3 61 26 38 52 40 78 60 2 94 45 48 47 25 89 21 82 97 87 20 92 37 73 95 88 53 30 24 84 83 34 43 17 51 66 16 59 67 36 79 54 32 46 75 81 5 74 42 99 10 33 6 1 70 9 27 63 55 14 62 80 68 11 98 100 18 41 23 22 35 56 50 49 65 8 85 96 15 44 12 86 13 57 39 29 72 76 93 7
100 72 22 67 3 42 10 48 13 8 62 85 68 15 7 69 2 33 98 80 57 30 44 24 39 11 45 84 9 26 35 58 29 87 94 27 78 49 65 46 12 83 52 74 28 76 50 47 71 43 41 38 63 25 59 54 51 97 88 55 93 40 91 18 90 5 82 31 53 66 60 1 17 4 64 61 77 99 86 32 20 89 73 14 6 19 21 95 34 79 70 81 56 23 37 96 75 16 92 36
71 74 72 58 23 3 60 85 36 49 25 75 79 68 11 29 96 54 5 83 51 48 13 19 33 1 47 44 41 63 32 84 37 21 67 57 24 64 26 28 43 7 22 61 89 80 17 92 81 42 15 12 94 16 77 66 8 27 34 53 40 55 18 99 97 91 90 30 2 10 86 62 87 100 14 59 82 69 76 35 56 52 46 4 6 70 98 50 39 9 88 31 45 65 93 78 95 20 73 38
15 96 26 80 1 37 71 58 12 23 43 97 81 11 82 40 90 33 61 27 2 18 54 34 7 91 69 65 99 17 78 20 6 83 92 59 76 10 35 75 9 50 3 8 60 73 57 42 22 53 38 36 28 52 41 5 66 88 95 62 98 30 56 74 63 16 24 45 100 32 87 94 14 70 19 77 25 89 86 84 13 67 4 64 51 68 39 46 49 47 44 29 85 21 72 79 93 31 48 55
61 80 78 48 59 97 64 15 92 53 93 91 27 43 12 84 57 9 7 16 41 35 79 72 42 75 55 54 39 10 98 46 81 18 94 34 100 68 90 13 31 62 50 87 6 99 77 70 44 23 14 52 33 38 26 67 89 74 63 51 76 24 60 25 47 30 65 86 66 5 82 2 8 58 83 36 22 37 4 21 56 85 29 11 40 17 20 96 49 88 19 95 45 32 71 28 1 73 69 3
22 67 90 95 98 79 75 6 91 36 47 44 48 73 63 3 92 38 93 74 34 16 52 64 55 8 35 29 54 89 53 96 23 50 71 94 46 41 14 70 24 7 20 4 77 61 43 32 83 97 40 10 85 66 84 11 58 76 68 56 39 9 45 100 86 33 81 60 17 65 57 2 69 30 26 42 99 13 82 51 37 5 59 72 28 80 19 62 49 25 87 18 31 78 21 27 12 1 15 88
87 23 55 38 59 86 39 70 77 97 47 88 46 68 45 48 3 18 49 43 76 74 7 50 56 25 26 85 8 6 89 94 61 15 72 24 99 57 12 27 80 41 42 64 28 9 29 100 91 82 37 81 2 90 78 14 30 44 84 13 31 16 93 40 63 53 20 33 60 62 1 67 83 11 52 34 65 58 35 17 71 95 92 32 54 4 10 5 66 22 75 69 79 19 73 36 21 51 96 98
65 71 17 74 58 61 92 5 45 40 46 32 29 69 27 41 35 8 14 94 54 38 34 77 7 75 28 67 55 48 73 85 42 95 100 86 66 19 97 10 22 78 80 25 36 63 64 82 15 11 89 60 56 90 39 53 24 99 57 21 91 83 84 51 31 70 12 13 79 72 96 87 18 1 37 30 3 49 26 59 44 6 68 16 4 9 52 88 43 98 47 50 76 2 20 62 81 93 33 23
17 12 3 48 93 89 32 38 82 22 16 19 41 55 18 26 67 91 25 13 87 50 66 53 95 37 62 85 56 68 74 5 30 23 29 43 59 81 28 79 88 61 72 27 35 15 69 57 44 6 64 33 70 42 2 86 60 63 96 8 10 46 65 49 99 21 97 52 51 58 80 77 47 24 45 98 31 1 36 94 84 71 40 20 90 76 54 4 73 11 83 9 14 34 100 75 39 7 78 92
45 6 74 51 69 84 72 18 86 19 40 49 63 64 23 31 75 4 14 33 48 93 54 61 80 65 98 26 3 89 96 16 41 97 43 99 91 42 39 60 71 9 92 13 35 85 70 79 94 52 44 5 66 83 81 25 10 47 2 17 15 90 67 68 7 78 100 87 62 20 73 56 38 55 21 27 59 24 50 57 58 77 37 46 82 95 32 88 22 29 1 34 76 36 12 53 11 8 28 30
85 23 97 82 68 88 6 18 73 56 99 17 83 16 91 77 62 59 76 79 98 69 60 87 93 30 96 11 58 81 13 86 55 19 94 95 42 47 33 75 15 21 43 34 40 26 80 52 51 12 35 8 100 48 63 89 1 57 25 31 22 2 4 10 84 5 20 54 67 65 74 24 90 41 27 64 3 37 92 29 36 70 28 46 66 78 9 32 71 53 14 72 38 50 7 39 49 44 61 45
73 52 16 88 46 59 99 57 18 87 65 33 84 13 62 4 38 22 61 29 50 19 49 98 36 56 63 3 11 48 42 100 64 24 83 28 66 6 55 92 72 35 86 79 31 60 30 76 44 97 45 91 8 54 71 43 9 17 32 39 95 25 70 53 78 80 23 40 67 41 7 77 12 90 10 27 85 1 5 68 47 75 81 15 96 69 51 82 2 34 58 74 94 20 37 26 93 21 14 89
11 74 44 82 99 87 28 1 84 80 71 37 4 14 3 16 38 65 39 64 41 89 27 46 100 51 33 7 57 47 56 2 15 21 9 97 98 72 23 40 68 91 79 48 83 96 92 43 59 19 45 25 86 78 49 36 94 54 93 63 62 66 67 95 26 76 55 10 75 17 8 81 88 60 18 12 73 32 13 50 30 53 61 85 29 69 31 5 42 22 34 70 20 52 58 6 35 90 77 24
78 57 13 8 24 73 20 28 22 77 19 39 85 40 89 66 65 83 49 25 100 15 27 44 62 38 93 87 94 97 11 30 59 82 61 88 42 36 1 68 26 76 32 74 92 17 51 23 33 63 46 29 81 10 7 2 53 79 35 4 52 72 71 41 14 43 70 54 5 67 55 64 80 48 90 96 12 69 56 98 58 9 6 16 99 45 47 60 91 18 34 84 50 37 31 21 75 3 86 95
83 82 17 57 49 33 85 14 100 6 71 50 34 51 22 37 3 70 7 87 4 63 28 5 38 13 94 84 61 25 73 45 43 1 30 92 36 32 93 75 98 74 96 56 12 2 35 48 78 69 46 24 23 26 65 44 27 8 97 62 53 86 31 95 19 59 80 79 10 77 21 81 42 89 11 54 67 18 47 15 88 41 68 16 9 58 99 29 90 91 64 20 52 40 39 72 60 76 55 66
33 90 86 53 61 77 94 35 69 74 12 62 26 50 1 42 84 51 2 81 34 75 41 22 89 21 32 43 18 55 37 27 17 70 79 25 56 30 24 16 80 73 45 88 85 48 20 40 3 54 65 78 4 47 31 14 91 92 82 10 57 9 36 59 23 97 93 72 49 5 71 15 60 76 7 19 44 11 13 95 64 87 83 52 39 68 6 58 66 29 98 8 28 46 63 38 67 100 96 99
85 59 41 97 7 86 46 53 56 40 31 49 75 33 28 66 37 6 57 72 89 10 38 19 18 52 58 20 22 5 100 67 55 11 61 98 23 92 2 87 94 81 91 26 62 42 71 16 12 4 24 8 35 79 32 88 83 30 90 65 21 60 76 27 84 47 45 39 44 82 70 3 73 93 99 17 54 63 68 80 77 69 36 9 13 29 34 43 51 48 96 74 14 15 78 25 50 64 95 1
35 19 10 89 25 50 32 17 51 69 85 72 26 40 60 70 18 80 93 54 63 38 43 75 11 77 37 49 62 41 57 58 6 42 88 79 84 9 2 22 7 71 67 61 39 44 92 45 68 94 8 3 5 13 96 73 23 64 81 55 24 4 66 46 56 82 34 99 98 95 97 12 53 29 87 27 47 30 65 36 83 16 86 21 1 31 14 52 20 91 76 90 28 100 15 48 59 74 78 33
11 67 70 62 49 16 96 38 81 4 31 36 39 24 56 60 23 35 15 43 58 92 84 89 98 27 73 26 76 93 59 87 72 77 48 55 69 8 78 51 71 22 88 91 5 10 53 33 21 41 79 12 100 29 82 45 83 50 19 42 28 1 9 13 2 66 65 18 75 25 97 57 99 74 44 20 95 34 3 52 54 7 47 85 37 30 14 46 68 17 80 61 64 86 6 40 32 94 63 90
3 99 20 52 53 23 66 14 100 37 76 98 65 10 60 6 26 25 34 73 92 50 88 79 29 24 21 70 89 9 47 51 36 38 1 46 93 61 22 8 82 19 15 84 55 72 74 91 48 64 85 45 95 87 32 39 63 43 11 62 81 96 75 18 56 69 4 71 42 80 16 94 12 33 54 67 40 30 49 2 27 13 35 28 68 17 77 31 86 97 59 41 7 90 58 83 44 57 5 78
35 46 28 16 60 25 31 45 23 91 38 24 21 74 72 18 1 92 55 26 20 29 13 66 67 94 71 76 14 56 81 53 4 2 42 65 58 17 37 88 49 34 78 93 96 77 51 32 86 84 52 41 87 59 90 85 79 9 3 54 5 30 69 22 80 8 43 68 47 70 27 89 100 40 6 36 39 15 97 12 57 19 62 73 11 48 33 99 63 83 82 61 98 64 75 44 7 95 10 50
88 67 38 94 76 15 82 5 54 48 2 63 18 96 74 13 78 45 39 26 29 35 52 36 22 37 6 57 41 30 11 25 14 73 60 44 40 51 84 80 21 77 16 12 23 34 1 7 28 58 95 87 65 99 89 70 69 55 86 61 42 56 4 8 83 66 20 33 49 17 71 59 43 10 97 98 91 68 32 72 93 3 85 31 81 24 92 75 53 62 90 9 46 64 47 100 50 79 19 27
96 39 73 28 74 19 68 92 76 25 57 17 79 100 83 49 24 69 90 10 97 89 18 8 3 26 64 82 31 70 51 81 52 65 35 98 60 16 91 32 56 87 44 54 62 34 29 36 59 33 95 5 14 71 42 30 50 55 93 21 23 40 67 45 86 43 12 13 53 11 58 48 7 94 27 1 41 85 63 15 20 6 47 88 38 9 80 66 84 2 99 22 72 46 61 4 37 77 78 75
44 4 47 8 65 74 70 20 33 54 79 32 48 86 13 46 50 73 30 61 99 64 24 12 69 88 97 43 55 52 100 26 66 51 42 18 36 59 40 22 17 83 75 15 2 27 28 89 78 84 92 77 19 82 38 67 81 62 98 11 87 76 6 80 95 7 14 9 93 1 34 60 41 90 56 37 72 91 63 25 29 94 58 35 5 68 71 53 96 10 3 85 49 23 45 31 39 16 57 21
81 56 95 3 10 42 8 43 74 15 22 68 25 27 53 92 94 72 34 77 62 26 88 46 13 51 93 44 39 40 71 78 50 47 30 9 5 14 4 36 41 7 18 66 23 54 33 65 67 75 70 32 35 57 79 99 85 16 6 60 90 86 98 52 11 84 91 64 58 37 31 24 61 48 19 100 83 82 63 17 87 59 49 29 76 38 69 2 1 89 96 80 20 55 97 12 28 21 73 45
24 38 47 65 83 58 43 77 59 62 29 84 49 82 79 54 5 94 1 12 42 34 80 30 46 70 13 99 10 93 27 45 52 28 76 50 81 8 60 55 7 97 2 22 19 44 25 36 18 20 26 74 90 78 32 21 23 33 6 35 41 53 96 75 31 95 88 67 17 66 40 57 85 16 68 72 9 89 63 11 92 100 64 61 39 4 51 91 86 14 48 73 37 71 69 87 56 98 3 15
86 90 76 45 30 67 59 19 100 24 27 46 8 14 9 41 89 44 7 17 80 26 63 28 1 84 35 42 56 12 36 74 49 55 77 39 62 85 97 69 33 40 96 34 95 98 94 99 52 11 38 21 48 60 10 61 6 15 47 91 29 13 88 16 64 65 57 20 51 82 75 43 92 22 66 3 71 2 68 78 93 37 72 81 79 73 25 31 87 4 5 70 54 83 18 58 23 53 32 50
15 20 91 44 13 94 37 36 63 51 26 12 18 9 4 57 80 95 43 62 96 66 50 68 7 100 27 16 92 24 38 76 65 40 2 59 3 53 23 70 14 41 39 32 60 30 69 71 85 22 21 55 83 61 46 47 45 49 8 87 5 28 84 98 64 31 73 90 58 67 6 35 33 19 74 54 48 75 10 99 81 78 97 88 52 77 56 29 93 86 79 1 11 42 82 17 89 25 72 34
7 51 6 63 64 23 84 46 62 12 97 65 26 54 20 2 45 13 29 50 85 39 88 53 4 95 47 69 87 72 18 68 79 33 83 5 8 61 16 17 36 14 73 21 30 9 49 82 75 48 66 96 93 71 32 24 55 41 89 86 34 43 40 59 94 77 78 31 35 25 38 56 44 60 42 22 3 1 52 58 91 19 37 57 11 67 90 80 81 28 76 15 10 74 70 99 100 98 27 92
92 19 44 53 59 15 31 90 43 50 93 86 97 37 54 39 46 80 1 11 4 64 72 67 3 98 38 69 79 61 62 88 66 13 20 12 45 8 85 30 89 29 99 76 70 96 17 16 27 58 28 68 24 40 60 75 25 91 47 55 48 82 49 87 5 36 41 71 7 94 73 81 77 9 2 56 18 74 63 100 23 83 57 22 51 42 35 52 14 34 95 6 21 78 32 33 84 26 65 10
64 13 42 70 51 90 59 28 88 44 30 94 17 63 7 58 49 9 25 78 43 92 65 82 69 40 23 62 95 46 71 2 19 5 47 74 55 38 77 93 36 45 18 84 100 61 99 76 3 66 91 50 98 26 20 34 27 60 16 52 10 67 32 8 4 53 79 96 54 31 1 33 24 48 81 41 83 57 21 73 15 29 11 12 85 86 89 22 87 80 35 97 14 6 68 56 75 37 72 39
30 91 34 37 52 65 48 78 28 54 13 59 85 2 67 93 83 70 22 84 18 3 44 49 43 57 20 82 63 40 76 75 69 26 39 16 64 100 11 56 21 7 6 47 4 42 90 62 1 80 35 14 86 24 36 79 99 25 58 92 87 8 73 29 53 46 45 41 88 60 98 72 27 5 66 96 68 55 81 12 74 17 97 89 38 23 10 31 50 51 71 61 9 19 77 32 15 94 95 33
59 18 31 51 79 7 81 74 32 16 19 40 2 55 60 54 70 37 78 94 49 65 96 36 41 3 77 15 23 100 30 21 98 14 46 1 26 24 89 9 73 50 95 99 75 34 85 4 29 38 88 13 10 45 61 8 20 80 93 39 48 57 72 87 43 66 92 69 5 83 53 27 22 52 58 47 86 63 28 71 90 56 35 82 91 64 33 11 25 97 68 12 67 76 44 62 42 84 6 17
42 53 84 82 31 49 61 5 83 36 30 72 57 20 58 64 25 17 51 15 41 45 75 46 88 26 22 80 19 27 28 79 55 90 92 18 35 74 23 21 16 56 14 85 78 12 67 11 94 32 13 65 69 96 71 87 91 73 29 59 1 9 66 70 100 77 63 48 54 86 7 68 38 98 52 6 40 10 33 47 99 43 89 34 81 95 3 50 93 62 97 76 2 60 4 24 44 37 8 39
1 66 64 31 82 95 69 23 92 100 52 22 86 40 2 28 75 68 41 79 84 48 71 55 16 88 11 9 26 39 78 93 96 56 47 87 54 76 91 80 5 17 59 27 62 89 42 19 98 43 72 20 81 34 15 46 90 58 65 45 3 12 10 18 99 67 24 25 32 94 14 70 61 49 7 38 60 4 21 13 30 36 53 97 74 85 83 57 37 44 29 33 35 50 8 63 6 73 77 51
25 72 43 6 19 44 59 69 2 26 74 8 92 52 38 36 17 35 80 94 79 70 55 45 65 87 24 33 23 78 88 84 27 30 66 99 11 13 61 64 21 100 93 4 83 41 98 42 60 77 31 50 9 95 51 10 28 57 12 3 32 29 90 97 62 40 67 46 15 54 63 56 53 58 1 48 7 20 5 96 82 86 39 16 68 22 81 14 89 71 75 73 37 85 18 91 47 34 76 49
2 28 6 22 81 71 47 8 63 84 73 20 41 19 53 48 69 42 86 17 64 90 50 37 14 13 75 93 66 25 29 5 65 31 52 24 97 12 83 40 44 43 9 35 88 95 70 92 49 94 18 27 61 87 45 55 76 4 67 99 30 82 96 34 59 56 77 32 15 100 60 79 10 54 51 85 7 21 38 26 78 57 23 39 72 91 80 36 11 68 16 62 74 46 89 33 98 58 1 3
87 66 57 43 33 8 80 75 97 32 42 48 94 60 2 82 56 12 45 41 20 95 46 18 11 26 65 21 90 17 93 22 59 76 74 25 38 72 24 64 16 58 99 9 96 1 15 37 61 100 67 84 51 83 70 34 44 3 88 23 89 52 40 68 47 4 73 71 53 78 54 77 35 63 10 29 79 27 13 36 39 81 7 14 49 86 92 98 55 85 62 6 69 28 30 5 50 31 19 91
80 34 27 28 8 58 30 89 17 1 54 12 71 35 62 14 95 20 91 99 85 43 26 13 42 23 24 56 82 59 15 16 67 98 2 100 53 7 60 45 38 84 61 49 31 22 79 37 4 68 74 41 9 46 77 48 76 36 83 96 19 21 81 72 39 18 94 29 86 88 75 93 6 5 66 47 44 50 40 78 70 25 32 64 11 51 73 57 87 92 52 10 55 65 69 3 90 33 97 63
62 80 97 77 35 31 54 93 21 38 2 53 10 18 63 22 89 1 79 8 32 34 28 5 29 25 61 27 71 23 13 65 95 15 87 30 96 75 33 84 45 12 19 6 3 16 26 4 85 14 73 67 59 52 50 9 81 36 43 7 92 47 82 17 49 68 20 57 88 74 72 100 83 94 90 78 41 39 37 91 11 69 48 98 70 55 99 56 64 86 51 66 24 40 46 60 42 76 44 58
97 51 90 50 73 67 54 4 1 79 69 43 19 64 53 55 49 96 6 74 12 88 39 62 81 30 25 65 56 72 83 18 82 33 28 58 84 41 7 70 80 16 24 77 17 47 32 9 93 34 95 15 27 35 87 23 29 8 86 45 89 57 78 66 20 99 75 36 5 2 92 26 100 61 37 76 91 31 98 22 52 38 11 46 59 44 14 48 13 85 21 68 42 10 63 3 60 94 71 40
25 5 80 95 34 61 93 88 85 1 73 2 53 64 86 14 68 52 77 46 90 36 92 32 33 91 54 7 62 27 4 94 69 82 8 16 26 48 63 20 89 6 41 3 49 35 51 10 12 11 60 81 22 65 23 100 39 59 40 29 19 21 28 45 37 24 74 31 70 71 47 78 58 9 13 42 15 75 30 97 67 43 50 18 72 57 17 55 83 99 56 79 84 38 44 76 98 66 96 87
27 61 7 56 93 84 33 28 79 18 75 98 53 16 65 1 66 72 68 2 87 51 39 88 48 15 100 8 5 11 34 20 23 17 69 94 45 40 35 38 9 82 59 97 77 29 42 90 46 67 24 86 4 57 6 31 44 32 19 92 95 30 85 89 80 50 70 25 22 26 81 91 14 60 99 3 37 83 43 36 12 58 78 96 64 76 13 10 63 71 74 47 55 52 54 73 21 41 62 49
41 57 98 35 82 76 62 17 6 52 50 13 25 10 23 85 54 37 30 74 42 44 9 80 7 5 3 87 97 27 51 47 89 38 81 67 99 100 78 58 56 26 77 8 93 48 18 86 21 15 79 31 4 91 46 84 24 71 60 28 12 69 32 72 34 83 45 90 63 29 96 43 14 40 65 59 53 49 22 88 1 95 73 75 19 55 94 20 64 39 61 11 16 68 33 92 36 2 66 70
9 64 14 41 1 35 12 26 59 39 36 99 30 95 8 82 54 17 10 31 81 66 21 24 6 28 67 68 91 58 97 92 72 15 25 40 73 69 76 49 60 89 5 78 44 85 75 70 83 3 23 53 55 51 77 16 71 2 57 74 43 34 20 52 50 62 13 38 22 98 32 93 65 86 88 90 18 46 47 4 56 84 87 61 48 19 63 27 29 100 42 80 7 79 37 94 96 33 45 11
23 93 61 64 2 80 58 12 97 99 79 62 8 14 42 21 51 13 47 48 29 70 85 91 67 11 66 20 82 37 16 24 86 63 27 98 59 81 53 33 17 87 49 78 73 89 77 39 92 19 46 34 41 7 95 54 65 84 18 25 6 22 43 90 40 88 4 68 44 10 32 55 52 96 28 75 36 69 26 57 35 9 3 56 45 50 5 30 15 71 83 72 1 76 38 31 74 94 100 60
41 49 24 48 86 37 60 31 27 52 44 99 26 28 61 92 38 51 50 98 39 20 87 9 83 4 88 43 82 33 100 18 97 76 70 23 77 1 53 29 30 64 62 10 54 34 91 55 56 57 73 68 7 74 13 32 40 14 71 35 96 75 80 94 85 63 17 66 5 95 12 78 93 22 36 65 59 16 47 3 42 25 58 84 90 81 8 72 2 6 15 45 69 11 79 46 19 67 21 89
68 35 20 74 91 69 87 27 48 39 90 95 29 16 63 59 52 85 40 12 13 56 41 75 25 17 65 78 92 58 96 61 94 7 9 43 80 55 51 24 6 15 5 46 30 8 3 98 32 44 81 34 71 93 89 62 79 22 31 47 57 60 99 1 14 37 2 70 72 38 42 45 36 97 11 10 23 77 88 28 84 26 64 86 33 21 50 76 67 4 100 73 19 49 53 18 83 82 66 54
61 18 52 16 83 13 11 26 27 82 23 100 48 89 30 72 1 85 58 94 92 87 36 97 28 70 99 81 93 31 17 51 98 57 19 38 84 79 7 76 32 75 5 60 46 73 40 42 14 21 63 47 2 74 86 15 64 55 88 44 49 69 24 29 34 80 68 41 20 62 71 50 59 22 37 8 66 54 53 43 6 35 56 25 33 12 45 9 65 78 77 91 95 10 4 96 90 67 3 39
34 2 7 43 77 25 4 83 57 19 56 69 3 12 11 36 73 9 63 94 82 89 23 70 14 45 42 72 20 44 6 59 67 41 84 50 13 60 15 49 92 31 21 32 66 35 1 38 52 87 61 71 96 40 85 54 64 62 88 65 24 10 90 78 79 51 26 18 47 68 17 76 58 74 46 99 37 55 8 28 48 86 97 5 30 81 91 75 100 93 53 98 22 95 39 33 16 80 27 29
38 91 13 7 44 62 19 45 58 39 66 16 31 34 75 59 48 32 3 84 64 9 55 40 33 35 49 98 99 78 22 28 47 100 8 65 26 36 10 81 92 51 5 30 20 93 68 52 2 95 37 42 6 54 27 70 94 67 89 83 24 61 73 96 74 60 1 71 88 23 41 53 63 57 86 18 82 72 79 12 15 87 46 17 90 25 4 76 50 21 85 56 80 29 97 69 77 14 11 43
75 49 95 63 45 30 65 3 98 39 92 80 82 58 36 10 22 27 81 5 25 9 61 71 78 15 53 77 76 62 91 14 44 84 42 67 93 90 43 60 57 11 32 68 12 17 99 79 54 55 7 16 6 86 8 21 94 2 1 31 35 47 29 66 4 34 37 48 20 83 69 89 23 46 28 50 24 64 59 19 97 85 96 52 26 73 88 40 38 41 100 72 56 74 18 13 33 87 51 70
6 96 53 49 73 17 71 13 18 11 1 75 91 44 76 78 86 90 98 15 31 39 99 36 54 59 88 29 94 41 27 10 82 100 62 42 80 55 16 8 81 34 85 35 2 56 43 22 66 65 61 33 4 14 83 67 57 26 47 89 52 77 7 87 68 63 72 95 97 21 48 12 46 40 93 70 32 24 58 69 92 64 60 3 37 84 28 25 38 23 20 50 79 9 51 19 30 45 5 74
21 60 46 43 75 10 83 65 99 5 8 100 22 12 56 67 77 15 72 26 91 18 59 28 13 17 84 73 38 33 32 19 42 88 16 24 64 11 97 48 2 93 27 90 52 78 70 31 57 81 23 49 50 63 94 20 34 25 68 82 62 71 29 7 45 44 86 96 36 69 40 14 37 85 80 55 41 3 9 58 92 87 53 1 76 79 6 35 66 51 39 95 61 89 74 98 30 47 54 4
52 100 17 73 65 72 98 63 54 13 85 94 80 34 24 89 93 10 84 42 45 92 38 36 4 26 27 57 59 70 29 5 76 20 9 99 82 30 78 8 47 83 22 97 23 40 95 87 11 58 39 96 28 14 61 48 79 6 7 88 25 41 46 62 49 86 75 69 55 2 67 66 16 43 77 19 81 1 74 91 35 68 51 18 71 90 33 32 60 37 44 50 3 31 21 15 12 53 56 64
5 24 78 74 32 95 17 87 100 2 89 42 64 97 31 37 3 46 34 75 30 50 76 82 71 51 33 23 48 7 90 27 47 49 26 18 53 63 11 73 67 91 56 93 40 83 12 85 94 98 59 9 62 80 21 15 39 29 81 61 10 35 38 25 84 19 14 45 43 66 13 92 65 55 96 77 22 58 4 70 54 6 52 69 20 36 28 8 88 72 86 44 57 16 1 60 68 79 99 41
40 72 3 18 8 98 39 65 29 23 69 68 53 17 63 13 41 24 90 75 33 55 19 57 4 38 52 83 66 16 26 14 49 80 61 77 30 89 60 99 47 15 96 9 44 100 48 2 22 59 5 79 76 78 37 21 36 92 97 84 62 7 93 74 91 43 58 95 67 42 1 94 88 32 28 10 11 46 27 86 34 82 50 51 35 64 71 73 6 31 45 81 12 87 85 25 20 56 54 70
9 7 11 18 77 3 26 64 86 52 48 60 57 53 92 71 51 82 23 85 59 30 55 70 34 29 72 78 63 99 13 47 69 81 19 12 56 35 45 22 67 10 21 40 91 61 68 38 75 15 58 96 42 31 41 36 50 8 4 93 65 28 17 14 79 76 84 25 100 89 20 97 5 95 87 73 80 39 43 6 46 32 90 83 33 44 24 88 66 74 54 16 94 27 1 37 98 49 62 2
70 24 83 93 97 99 35 65 2 76 82 45 94 75 6 13 81 53 31 16 37 28 74 30 14 17 85 56 3 38 54 72 69 51 32 58 26 60 44 96 49 59 41 21 87 43 66 47 61 90 92 12 79 23 100 62 98 77 55 33 39 8 57 91 84 89 25 48 88 73 36 95 18 5 86 80 67 9 52 78 15 29 1 4 71 42 27 11 46 19 34 50 63 64 10 68 22 40 7 20
38 74 19 95 86 13 32 68 90 31 15 34 59 67 81 50 17 85 97 60 26 98 77 84 49 48 55 54 71 93 46 66 30 27 36 64 78 80 91 92 11 5 100 73 18 14 16 87 29 51 8 25 72 62 10 2 52 23 88 99 24 65 47 70 44 94 39 89 96 56 75 82 42 22 83 58 37 79 4 1 21 20 57 7 33 6 28 35 43 40 45 69 53 3 9 12 63 41 61 76
61 42 74 67 64 21 66 49 16 18 28 78 63 65 3 23 2 48 76 80 13 72 30 98 45 52 58 32 89 59 24 4 34 94 95 40 26 38 99 84 35 73 22 62 71 6 5 39 20 1 100 11 87 53 46 57 81 83 36 75 91 93 85 97 33 43 17 69 15 77 82 29 9 96 10 7 37 41 88 54 44 86 19 8 56 79 92 31 27 14 60 90 47 55 50 68 12 70 25 51
42 5 49 34 12 80 13 99 17 90 74 83 93 38 8 24 21 100 26 15 22 7 98 53 58 78 48 85 87 2 55 92 37 43 84 46 52 41 75 40 19 73 89 91 9 18 14 3 96 77 27 36 45 71 61 88 25 30 67 33 54 10 11 81 62 59 39 32 23 95 70 6 35 51 64 69 82 60 20 94 86 16 28 31 56 76 97 65 47 50 72 44 66 29 68 1 4 57 79 63
87 49 82 53 93 48 2 22 70 96 63 5 25 30 43 10 97 80 78 17 61 50 13 74 66 86 58 41 94 32 37 12 73 29 4 72 14 33 77 83 20 100 89 36 21 71 81 55 65 8 79 39 1 64 27 7 46 60 16 19 54 31 99 69 40 67 92 47 35 11 52 6 76 9 90 51 38 68 34 42 84 26 24 59 85 15 75 88 28 95 44 91 98 57 45 56 23 3 62 18
26 8 46 9 7 86 34 89 71 91 23 28 6 5 93 39 13 22 21 2 72 75 84 77 48 20 67 100 49 94 64 17 30 14 29 57 16 60 73 80 40 56 53 85 32 68 25 3 87 58 98 15 37 38 11 51 43 74 18 19 36 95 12 10 90 54 83 88 4 97 92 78 63 79 24 76 35 99 96 82 41 45 27 47 69 70 62 44 61 59 42 31 1 52 65 55 66 81 50 33
72 7 24 52 43 79 3 33 91 46 12 68 83 95 29 55 75 41 6 82 98 61 66 36 56 85 26 45 96 92 80 48 54 38 49 69 71 64 25 19 90 78 57 99 58 77 88 42 89 76 9 27 1 22 23 65 100 30 74 60 20 62 70 17 94 16 40 14 13 59 47 53 97 5 67 87 73 50 84 11 37 21 8 39 4 18 81 93 31 86 51 15 44 34 10 63 35 2 32 28
67 57 15 13 100 99 58 87 14 96 18 24 56 95 93 85 63 34 72 97 12 66 31 10 59 20 41 73 91 53 48 62 65 74 80 75 39 55 70 3 64 44 43 22 68 54 60 33 23 7 4 86 88 49 27 36 92 16 83 2 35 28 19 61 47 76 82 6 11 26 89 29 90 37 98 69 38 9 17 79 51 42 46 5 52 30 94 32 21 71 50 45 84 25 8 77 78 1 40 81
70 84 3 22 2 50 45 89 37 31 97 34 77 13 42 78 62 86 7 88 90 24 48 93 100 4 51 20 60 99 33 67 71 1 63 23 66 15 6 5 19 32 65 12 64 80 54 10 47 36 27 85 82 28 35 57 72 43 59 98 91 41 75 52 53 83 26 16 30 94 25 55 69 92 11 68 46 21 74 38 14 8 39 95 56 81 96 49 73 58 18 9 40 79 17 87 61 76 44 29
19 20 71 89 27 45 81 29 82 39 10 90 99 94 76 33 48 47 41 98 75 88 95 100 46 70 86 44 42 30 18 14 55 32 22 67 62 72 43 13 83 58 57 50 54 2 87 66 25 37 56 38 3 73 28 40 91 11 9 23 51 59 16 52 96 74 34 93 26 49 78 65 69 80 63 36 6 21 7 1 60 61 31 5 12 84 92 97 35 85 77 4 68 64 79 24 17 15 8 53
32 20 8 44 2 15 86 33 88 100 38 41 48 63 81 79 14 89 5 27 59 61 34 80 49 25 71 3 97 78 99 19 72 98 60 12 67 18 26 58 35 65 82 69 74 56 17 31 95 28 55 84 13 96 70 39 21 37 52 45 91 36 42 92 51 75 16 30 7 22 50 76 94 64 11 6 68 93 85 62 23 9 53 10 87 4 1 73 83 66 24 43 47 77 46 54 57 29 90 40
49 20 85 19 66 21 61 45 25 7 15 29 94 18 4 81 39 89 64 44 98 41 31 38 57 82 62 72 33 84 28 37 23 47 26 91 3 100 78 65 68 2 59 50 30 86 60 8 90 88 52 63 34 77 27 97 69 46 48 14 11 1 13 83 73 53 42 99 35 36 24 79 17 71 10 9 6 12 96 67 16 5 70 58 87 80 22 54 40 51 76 92 75 43 55 95 74 32 93 56
16 21 9 60 19 64 61 67 35 57 75 65 98 44 13 47 58 89 6 53 36 94 73 48 37 82 84 55 70 86 22 38 30 2 42 24 8 32 5 90 26 41 66 85 4 59 27 51 79 88 40 39 18 97 12 83 43 52 56 74 96 17 76 95 78 68 72 62 7 69 28 33 29 10 15 3 99 100 81 92 20 46 11 45 50 71 91 93 31 54 14 63 49 25 1 34 87 23 80 77
40 39 4 92 65 90 85 44 47 10 53 72 66 18 1 27 16 23 28 3 86 80 52 77 12 21 13 98 94 24 76 83 37 41 84 64 100 93 71 87 7 62 55 51 6 58 29 49 8 57 46 34 14 68 97 88 42 30 43 20 38 19 33 63 78 45 5 89 91 2 82 67 17 36 99 50 9 70 35 32 59 69 75 11 54 73 95 15 48 25 31 96 26 79 22 81 60 74 61 56
54 86 76 42 67 64 75 58 89 18 87 96 82 46 38 41 55 6 97 48 15 60 72 9 39 12 43 80 14 93 30 37 45 22 69 81 85 5 11 29 7 24 27 40 68 34 3 66 84 13 90 52 71 61 94 20 2 59 8 47 28 65 83 4 78 100 92 33 36 95 35 31 77 99 63 73 26 70 91 50 25 10 53 49 56 88 32 98 57 62 23 74 51 44 21 16 1 17 19 79
40 80 53 37 9 11 83 72 24 12 77 81 28 57 89 45 33 61 20 5 47 60 29 48 21 42 27 99 71 26 19 95 36 41 100 1 56 91 73 15 58 87 4 90 93 25 14 85 46 74 30 2 96 86 55 17 63 44 35 13 69 52 79 92 76 3 43 97 98 6 34 67 49 88 84 18 50 23 64 94 51 32 22 7 8 31 75 68 54 65 59 82 66 39 70 16 78 62 38 10
37 17 64 16 85 67 6 62 46 38 60 10 59 68 24 87 11 15 13 65 70 92 1 100 78 43 5 27 51 36 20 8 95 69 30 41 26 83 23 88 56 99 39 34 90 93 50 14 12 77 55 42 4 40 80 82 79 76 91 29 49 97 94 2 25 96 3 19 52 48 9 98 66 31 84 72 7 58 33 21 28 54 75 18 86 35 45 22 74 81 47 32 89 63 61 57 53 73 71 44
8 35 62 37 93 52 47 28 71 67 5 40 45 96 20 76 100 17 55 97 83 36 64 60 49 1 29 42 2 75 11 56 73 39 18 88 7 43 84 27 9 54 59 80 6 16 33 74 41 21 24 26 38 19 25 13 22 30 50 86 3 34 65 69 95 82 51 10 94 91 79 32 85 14 23 78 98 4 89 31 61 81 63 87 57 58 46 48 90 70 99 92 53 12 44 72 15 68 66 77
79 82 48 33 10 21 9 84 3 66 31 19 45 76 37 38 72 68 80 63 41 67 32 91 2 85 98 28 64 60 22 94 51 57 88 26 54 12 29 92 62 71 73 46 44 49 25 24 52 35 4 13 42 87 65 30 1 34 53 78 6 89 75 59 83 58 90 27 100 96 36 18 93 77 69 20 5 86 81 99 23 40 70 56 7 47 61 50 97 74 55 43 17 95 14 15 16 39 8 11
85 22 73 40 45 47 25 7 23 20 92 59 16 89 27 74 64 31 6 91 58 99 39 4 83 55 78 90 98 35 71 42 77 46 41 28 69 61 43 21 75 94 26 49 17 2 62 30 34 80 18 36 65 9 100 29 97 76 88 79 67 72 86 81 13 24 54 60 3 50 56 53 57 12 82 14 15 11 66 68 87 32 44 8 95 70 38 48 19 51 93 96 33 10 84 5 37 63 52 1
29 3 32 100 24 96 2 89 34 76 42 10 40 68 37 21 9 26 58 20 43 38 52 88 57 41 47 84 67 48 25 80 60 44 4 85 65 6 77 49 62 14 56 1 91 8 27 86 16 23 12 97 69 39 19 7 82 30 55 31 64 15 54 35 53 33 63 72 75 87 92 46 78 74 66 90 18 36 95 13 79 5 61 83 71 22 28 98 11 51 59 17 94 45 99 81 70 50 73 93
54 1 69 66 38 76 61 56 97 62 55 39 93 63 24 52 47 5 94 2 96 74 14 79 28 88 17 67 70 30 83 98 15 59 22 12 33 20 45 29 75 7 19 80 84 78 65 42 95 85 100 23 92 99 27 34 40 77 21 31 73 89 16 32 82 68 49 91 51 53 87 48 25 35 13 71 6 26 3 10 11 37 81 57 8 9 4 41 86 72 43 36 64 18 44 58 50 60 90 46
93 84 100 58 41 38 29 56 69 87 13 52 32 94 42 19 91 72 63 62 17 44 81 1 51 76 97 7 73 8 92 15 90 18 49 50 36 57 88 79 89 61 27 33 71 22 70 46 30 14 20 65 98 75 83 95 24 82 48 86 85 2 21 40 6 25 77 26 67 3 35 10 16 11 80 78 96 47 60 5 53 28 68 54 55 59 45 99 64 39 9 43 12 31 34 37 4 66 23 74
28 62 66 74 29 36 23 71 75 52 20 50 89 47 91 77 97 14 85 54 26 7 76 12 37 94 33 96 87 79 59 35 78 4 8 30 88 65 80 21 93 67 70 34 99 57 31 73 27 19 5 48 49 22 43 9 51 92 40 83 90 25 45 38 1 17 81 41 100 86 84 44 64 39 42 46 6 53 58 13 16 56 3 63 69 18 11 24 60 61 95 32 15 2 10 98 68 55 82 72
49 64 16 68 27 14 100 71 26 28 99 59 79 32 29 76 74 30 3 35 57 86 62 21 15 84 75 47 90 63 94 44 81 88 18 73 77 40 80 60 54 89 82 11 51 12 24 5 67 4 50 38 8 70 25 72 96 22 61 39 13 34 52 65 87 85 7 78 41 33 95 1 20 23 92 98 9 91 83 19 97 56 31 43 45 55 48 69 93 10 6 37 53 66 2 46 58 17 36 42
21 55 29 36 10 13 96 99 50 98 42 59 90 35 31 70 58 20 44 18 67 3 33 12 16 7 65 34 40 30 57 78 43 51 84 56 9 82 48 23 66 71 72 32 8 64 53 63 73 79 80 2 37 93 76 87 62 39 85 4 88 60 86 46 83 27 74 6 52 92 47 95 24 61 41 97 1 68 28 19 15 94 25 22 89 26 100 75 77 81 49 91 54 69 45 5 17 14 38 11
70 21 17 14 85 23 86 74 53 25 56 37 13 57 22 39 11 54 41 77 46 60 79 38 69 19 18 28 98 76 2 91 93 40 31 1 9 68 87 84 27 58 6 45 97 43 100 94 7 62 3 73 15 89 30 49 20 4 52 34 75 32 8 47 5 59 67 72 61 12 95 26 35 50 82 92 65 66 51 80 71 10 29 24 99 90 63 44 36 81 64 96 42 78 48 83 16 55 88 33
21 9 88 4 28 68 5 24 7 61 22 14 91 100 19 23 31 44 10 17 32 85 98 38 73 45 60 66 76 75 65 13 47 12 1 69 63 95 27 50 39 56 87 89 11 74 81 67 92 35 46 49 82 54 34 84 36 8 15 83 57 80 64 93 51 37 86 43 79 53 33 58 99 3 62 48 40 96 41 20 18 26 30 6 42 78 72 25 2 59 55 97 70 94 77 71 90 29 16 52
68 65 69 67 58 52 24 8 36 4 13 32 25 41 100 80 97 47 76 22 39 27 99 54 10 6 60 12 46 34 11 33 45 30 56 88 14 79 26 83 37 42 66 93 64 9 77 35 23 89 17 40 78 38 96 55 85 98 44 84 71 72 51 74 91 28 19 82 95 63 2 90 87 16 50 43 59 73 29 3 15 21 61 92 75 94 48 5 57 18 86 31 1 7 49 53 70 62 20 81
70 20 68 84 52 50 93 46 58 98 27 96 26 28 53 79 94 17 49 42 11 13 1 65 44 15 37 19 43 83 71 31 67 51 75 36 64 5 7 30 14 89 38 56 39 8 66 18 24 87 12 9 77 85 3 97 21 35 59 99 16 95 74 61 69 78 25 41 23 48 33 45 40 54 73 91 60 80 6 88 29 55 81 32 92 82 63 86 4 22 100 90 62 10 34 57 2 72 47 76
60 80 7 83 33 78 35 6 3 11 32 45 34 72 48 74 57 21 92 93 63 17 37 62 61 99 77 42 28 40 19 98 44 23 20 8 31 16 18 68 76 15 53 95 82 14 73 39 26 66 5 25 2 100 55 10 50 13 4 79 29 54 58 75 24 36 59 41 89 30 67 90 71 9 1 46 12 56 97 86 27 38 70 84 69 81 85 94 88 52 65 43 96 51 49 91 64 87 47 22
40 41 65 12 47 46 58 97 49 53 86 38 85 6 80 98 73 94 45 24 96 39 21 84 92 4 11 64 2 43 20 27 5 74 18 32 89 26 72 95 30 16 13 52 31 99 77 69 48 57 67 36 54 7 71 44 1 56 10 19 34 75 93 9 8 17 59 63 61 3 78 50 68 23 82 37 28 25 76 60 35 88 51 91 22 33 100 29 66 83 79 90 87 42 62 14 70 55 15 81
10 20 92 89 31 87 76 75 40 57 98 60 80 74 82 79 71 2 96 14 56 18 11 83 32 28 72 36 12 68 53 3 24 54 44 23 67 95 21 73 63 50 88 17 93 39 33 91 78 70 45 41 9 29 27 46 94 64 37 43 4 7 69 47 34 13 42 22 62 25 6 65 51 81 38 15 66 59 30 35 26 97 19 86 16 49 85 61 90 77 58 5 1 84 8 55 48 100 52 99
53 97 70 60 2 57 78 94 99 93 83 15 81 29 4 63 19 49 84 22 71 47 32 39 11 21 86 58 67 10 64 74 62 87 52 6 9 79 37 88 13 75 95 17 33 14 28 25 91 26 36 65 92 41 45 34 68 24 56 27 73 38 31 3 100 90 89 40 43 30 1 16 69 51 59 42 8 72 50 20 23 35 66 77 76 44 55 82 46 80 98 12 7 18 5 96 61 48 54 85
82 39 55 30 48 49 47 6 29 67 81 41 91 50 73 59 26 45 89 44 76 97 72 61 80 32 40 58 99 84 70 24 27 33 56 90 65 53 92 79 100 57 86 22 54 20 8 15 94 37 75 13 69 78 71 34 1 19 16 7 62 11 4 17 88 52 74 31 36 43 87 51 5 35 63 42 98 12 14 38 68 95 93 77 64 10 46 66 23 3 25 85 9 83 21 96 60 28 18 2
97 98 52 63 44 68 29 92 70 80 41 67 89 71 31 95 32 12 17 5 72 22 93 66 61 20 1 81 86 46 4 39 96 100 64 33 78 69 84 60 15 74 28 99 73 40 7 18 42 57 77 36 85 94 82 34 88 24 2 25 35 13 58 38 3 91 9 26 53 45 43 30 8 19 37 21 6 10 48 47 55 79 65 54 87 11 51 75 27 14 23 76 83 90 49 59 62 50 16 56
11 32 85 97 42 29 47 6 89 35 13 26 27 69 41 51 14 77 91 99 38 80 1 28 46 90 60 71 67 40 22 84 24 45 73 36 33 5 8 50 55 37 72 95 25 48 87 70 64 57 98 17 19 92 20 43 52 56 15 66 61 39 31 83 44 79 12 74 94 93 21 86 63 100 78 62 59 96 23 9 2 18 58 7 53 34 76 68 81 54 3 30 16 82 10 88 65 75 4 49
76 19 50 46 92 43 88 65 48 74 100 77 35 64 1 62 7 59 54 17 30 47 89 75 26 61 52 2 56 67 71 22 45 10 34 66 15 53 3 20 32 6 69 12 98 28 83 40 27 82 5 16 51 91 41 4 70 42 29 9 79 13 11 86 63 39 37 36 94 55 93 8 80 18 68 96 23 57 99 60 97 58 73 84 21 81 38 49 33 31 24 95 78 72 14 87 25 90 85 44
7 78 43 59 94 77 27 64 56 45 100 6 41 3 22 36 35 46 93 51 38 10 20 68 13 70 14 82 19 50 24 47 99 84 91 87 66 98 62 12 30 39 75 42 16 44 28 25 34 88 72 40 5 76 90 55 48 53 2 11 23 92 71 18 31 69 79 49 52 57 63 74 73 58 33 37 15 80 8 83 26 81 60 1 17 54 65 95 85 9 21 29 97 86 61 67 89 32 4 96
65 41 84 15 59 74 99 30 80 94 96 60 40 28 18 10 20 51 86 55 17 56 89 82 57 36 6 11 44 83 100 49 14 50 64 71 33 3 22 63 52 1 12 81 13 46 2 24 19 61 68 5 9 92 88 45 23 69 93 76 7 25 38 43 70 35 42 67 27 16 90 47 73 78 54 48 87 8 97 53 34 72 21 77 91 62 95 85 26 31 39 66 29 58 37 75 4 32 98 79
15 36 89 34 52 57 38 26 73 76 30 20 88 28 19 82 25 13 39 29 67 9 12 35 40 43 83 48 10 96 24 78 86 71 77 47 41 3 68 66 6 74 92 80 49 7 54 93 59 44 84 22 79 2 11 62 4 5 42 1 14 72 32 91 70 31 65 87 37 90 53 18 81 63 100 46 8 56 45 85 75 16 61 58 97 33 94 60 21 17 23 69 98 51 55 27 64 50 99 95
90 21 79 89 6 38 35 15 42 78 80 81 14 44 34 20 16 67 28 40 61 10 92 65 53 98 76 27 51 84 47 87 41 5 56 63 32 33 48 4 68 59 46 19 72 54 7 95 62 94 74 31 29 96 99 50 2 88 97 25 86 82 9 23 13 26 39 57 77 58 52 45 91 75 64 100 12 70 24 49 22 71 85 66 83 43 36 30 37 11 17 3 1 18 8 93 69 55 73 60
7 47 70 31 91 97 77 26 5 64 79 25 76 44 43 9 96 8 78 6 10 93 69 62 28 50 39 88 1 65 15 74 80 87 53 83 18 98 59 24 61 19 12 36 63 14 35 100 13 45 94 71 54 68 58 40 11 85 60 52 16 92 38 55 29 67 41 17 30 4 37 57 99 23 2 82 3 48 20 84 66 95 46 34 51 89 72 33 42 27 21 73 49 56 22 75 86 90 32 81
100 22 6 67 10 24 21 51 36 84 3 80 68 79 13 9 15 39 78 44 92 33 99 52 32 5 73 16 40 38 85 20 43 69 23 1 66 47 26 30 56 57 18 35 74 19 14 59 72 53 91 2 98 96 41 58 31 28 81 87 4 93 29 11 64 34 88 76 50 12 7 82 25 17 27 77 8 42 65 54 46 86 49 48 61 60 70 89 95 45 71 75 83 63 55 97 90 37 62 94
64 25 27 38 22 47 72 10 48 11 21 73 7 61 1 94 80 53 37 30 28 83 76 43 13 67 54 41 50 6 15 34 19 12 87 17 63 60 62 24 88 3 46 89 59 31 79 91 99 49 4 98 18 92 8 52 97 56 93 26 77 69 39 32 5 55 95 45 23 68 71 16 82 90 96 36 58 78 40 74 81 57 51 75 44 35 85 42 100 20 29 33 65 84 66 14 70 86 9 2
25 75 33 3 41 39 64 87 84 69 8 62 80 2 83 68 40 100 98 10 71 12 32 90 61 67 82 72 66 24 4 14 21 63 23 58 38 52 86 49 18 74 34 46 27 94 77 51 42 11 55 16 95 91 7 9 65 85 96 1 17 50 15 36 73 28 97 70 79 44 30 47 81 57 6 37 31 20 53 48 35 13 45 92 43 26 78 19 56 93 59 99 29 76 88 54 89 60 5 22
30 42 70 15 53 10 41 7 31 63 29 26 90 88 99 14 6 62 78 5 85 13 96 58 100 69 33 16 38 9 87 20 11 71 23 8 84 24 52 36 27 45 98 93 56 48 51 17 35 72 18 66 39 95 44 91 67 55 28 43 97 64 92 19 57 22 32 77 86 61 76 75 89 37 3 2 82 83 54 94 74 1 79 65 50 25 49 12 60 59 34 46 4 80 73 21 81 40 68 47
14 12 28 30 36 51 75 47 11 23 69 62 78 57 33 16 79 67 21 42 41 95 68 98 72 76 82 61 19 85 37 24 22 43 40 77 99 3 90 48 8 66 92 87 53 44 74 88 4 83 2 97 91 64 93 89 54 46 1 20 60 25 86 80 10 27 96 15 84 56 94 70 49 5 45 7 65 59 81 9 34 6 35 18 32 17 58 100 29 31 26 73 55 38 63 50 71 52 39 13
82 99 23 60 1 64 29 89 75 81 92 8 3 84 56 53 94 97 87 14 57 61 78 63 26 21 11 12 22 38 70 62 36 88 33 83 93 85 95 5 100 43 79 52 58 30 9 24 68 98 73 50 42 55 86 77 13 39 96 41 66 28 46 90 25 47 71 91 74 37 59 76 72 51 19 44 69 17 67 2 80 15 20 31 54 4 16 27 40 34 32 49 45 6 18 7 35 65 10 48
61 52 15 16 65 100 6 21 30 85 91 46 67 27 76 83 1 33 84 79 39 18 64 89 17 69 47 37 12 7 75 9 40 55 10 70 86 81 95 97 74 80 72 99 41 8 11 77 90 28 48 56 62 44 2 54 68 98 35 24 32 25 66 45 53 50 20 92 96 42 5 34 4 71 63 36 38 49 3 88 23 19 57 73 26 94 14 13 29 51 60 58 59 43 82 31 87 22 93 78
81 1 51 11 34 22 7 24 26 93 54 37 83 56 50 82 3 2 42 77 66 39 60 53 90 94 5 75 15 55 36 62 38 35 85 9 70 21 20 92 47 25 100 31 61 91 73 78 8 59 97 76 23 19 74 18 4 65 10 48 89 13 96 67 58 6 98 64 49 32 29 41 63 40 52 99 45 27 69 17 88 87 30 43 28 79 86 16 95 33 14 71 80 12 46 68 72 44 84 57
29 7 2 87 67 41 25 76 62 37 98 93 26 43 12 75 63 17 82 61 39 77 88 42 54 81 83 23 9 64 31 40 60 96 99 50 94 68 10 36 21 55 97 89 65 49 74 78 18 53 20 95 16 66 58 51 92 22 44 14 24 86 47 71 100 38 15 57 45 80 46 56 52 34 72 30 91 70 69 73 84 4 13 33 11 79 32 90 1 8 48 19 6 59 3 28 27 35 5 85
72 62 80 37 2 54 30 44 26 73 23 75 87 94 58 13 25 40 91 81 61 56 34 21 88 28 52 17 95 35 45 27 59 68 10 9 38 99 36 16 65 1 32 5 98 85 51 20 42 55 100 4 15 84 97 76 7 79 78 66 43 39 19 77 6 50 89 33 74 53 57 64 46 31 47 41 90 93 86 49 92 83 69 24 82 12 48 67 70 29 8 22 18 60 11 3 63 71 96 14
36 19 60 49 71 58 80 79 46 83 28 2 53 25 52 51 42 4 17 40 62 5 50 27 94 12 64 75 9 82 100 54 72 66 8 77 74 18 39 91 97 23 59 67 35 20 63 15 99 24 76 14 78 69 30 87 47 33 86 81 6 32 95 16 21 45 48 98 61 44 1 90 93 13 96 43 57 7 92 56 85 29 11 22 31 37 73 41 65 10 55 3 26 34 89 68 70 88 84 38
17 61 53 79 71 20 54 98 19 36 73 37 85 55 27 96 52 1 60 41 75 84 72 14 45 62 2 21 83 89 68 33 58 56 99 88 86 82 78 38 81 8 18 51 9 48 91 29 59 87 16 65 32 66 80 30 77 31 97 74 76 90 49 12 24 13 63 95 11 57 23 42 22 94 15 10 43 67 39 47 5 28 40 4 100 6 44 93 3 92 50 69 34 7 46 26 25 64 35 70
68 19 65 27 23 91 3 50 64 80 56 29 37 20 34 10 43 25 18 67 54 52 12 49 74 69 26 24 31 94 48 6 44 36 2 40 97 96 39 33 99 77 8 1 100 45 86 62 22 95 28 42 14 53 5 46 89 35 7 51 59 73 84 76 60 11 66 32 63 85 38 21 71 82 87 55 92 81 47 75 72 58 16 17 4 30 90 70 9 78 61 13 57 41 88 93 15 83 98 79
21 48 51 28 71 25 41 6 63 76 43 1 73 34 70 85 59 100 56 45 98 35 95 37 16 99 92 32 80 54 8 49 33 20 75 15 77 69 81 62 10 46 64 38 83 74 66 42 30 5 58 55 17 26 84 12 19 57 79 72 68 31 91 47 90 22 50 44 23 88 40 89 97 3 96 2 52 78 13 7 14 4 24 94 86 53 29 27 36 61 18 87 60 93 39 9 67 65 82 11
28 100 90 40 16 79 31 19 37 5 29 97 46 8 24 27 77 22 70 81 96 18 39 25 43 85 63 9 67 30 83 49 68 35 98 86 74 41 60 13 84 59 12 69 38 47 32 4 72 21 73 64 2 53 80 89 87 65 50 7 95 58 94 45 99 56 92 33 42 71 48 76 11 57 78 1 61 62 93 36 6 82 44 55 52 51 23 75 14 10 66 88 20 15 54 91 26 17 34 3
34 89 75 61 62 13 11 38 87 23 41 16 81 6 35 25 79 20 66 57 92 17 29 58 24 54 1 2 42 32 7 40 47 50 69 33 77 37 26 98 15 71 72 63 4 8 86 9 99 45 90 28 27 46 80 44 60 64 39 76 31 19 95 22 5 67 48 30 73 55 12 56 65 49 18 68 94 10 100 78 74 3 36 83 51 91 96 53 84 85 59 93 14 21 82 70 97 43 88 52
47 33 2 61 51 21 29 59 48 20 97 99 40 37 23 58 49 39 87 52 53 22 82 76 30 68 17 34 27 79 55 25 69 90 5 35 70 11 62 6 54 16 96 57 77 88 94 93 41 91 26 46 4 74 18 15 7 14 3 65 36 78 89 80 98 63 85 72 66 95 42 100 28 73 81 45 75 10 13 1 31 32 56 44 67 43 19 92 83 38 24 60 64 86 84 50 71 8 9 12
96 99 37 8 46 67 70 81 27 51 30 80 77 2 52 58 3 47 21 64 88 41 74 76 100 11 62 42 92 63 23 86 50 60 87 16 73 34 97 66 4 31 95 65 10 84 91 43 57 19 25 39 69 18 13 29 14 12 59 38 1 6 49 7 9 85 93 78 48 17 98 56 45 44 32 82 54 15 5 94 33 40 28 83 75 90 26 35 89 68 24 22 79 20 53 55 71 61 36 72
16 19 23 86 31 64 10 84 3 53 66 36 57 27 94 24 46 76 78 70 91 74 54 71 73 37 82 77 62 7 42 85 89 83 68 93 30 92 97 8 80 49 98 87 25 38 26 21 20 32 99 17 39 45 95 52 11 90 50 9 96 22 35 5 15 1 100 81 79 44 63 40 75 55 67 18 4 58 34 13 60 72 65 28 41 61 48 29 51 2 6 56 12 43 14 47 88 59 33 69
11 84 46 96 83 28 69 73 25 26 23 52 97 27 16 87 35 53 88 44 9 54 17 91 80 68 4 59 12 22 24 64 57 95 41 29 14 100 2 13 32 1 40 33 50 56 8 34 77 3 20 78 5 49 72 99 63 38 92 45 7 94 47 6 89 19 62 31 10 85 15 98 18 65 21 67 66 93 71 42 43 36 60 39 51 61 90 76 74 86 58 81 79 75 30 48 70 82 37 55
73 34 49 87 13 23 70 44 24 43 3 29 14 58 48 91 11 25 50 89 85 100 4 93 55 81 42 31 28 98 74 18 99 88 19 78 9 80 77 86 21 22 83 59 62 75 56 41 27 71 39 26 94 8 47 63 76 57 45 20 17 54 69 46 37 15 92 53 10 51 7 40 64 97 35 60 66 82 5 2 12 68 1 95 30 84 67 38 36 6 16 72 65 96 90 61 79 32 33 52
82 57 65 42 53 41 95 6 49 37 24 61 70 20 84 62 29 54 55 26 63 39 15 35 76 10 19 51 32 90 96 97 79 44 68 87 67 8 28 75 14 85 27 40 92 71 30 4 52 81 59 33 2 7 34 9 83 98 56 46 23 58 50 36 60 48 1 91 100 69 78 89 43 25 5 22 11 12 21 3 94 45 47 66 64 99 31 93 72 80 77 73 13 86 18 38 88 17 16 74
54 83 3 60 53 88 5 77 7 26 37 79 94 91 40 56 50 96 47 9 89 2 48 64 99 21 51 27 52 80 24 38 75 57 62 19 59 98 71 34 33 81 32 25 69 10 36 15 73 97 6 42 17 95 49 72 58 14 23 45 30 13 22 67 85 70 74 31 29 16 46 35 11 4 39 12 43 86 92 8 18 66 93 1 55 65 84 82 68 90 76 20 41 63 61 44 87 28 78 100
11 76 69 22 57 12 30 77 20 94 82 21 9 15 90 66 78 19 26 91 14 27 16 13 72 10 1 75 18 63 28 81 80 39 93 100 8 42 53 88 73 50 41 38 85 52 98 61 84 71 64 49 60 5 25 79 86 58 29 3 46 45 96 74 62 68 37 95 6 23 36 34 89 87 97 65 83 2 92 54 56 31 59 7 33 51 99 40 44 70 55 47 67 43 24 4 32 17 48 35
84 85 41 94 50 33 9 46 52 61 29 40 34 54 47 39 59 71 57 2 11 17 4 51 81 31 91 92 56 30 15 25 70 73 89 69 36 63 49 79 21 77 93 66 7 48 87 27 16 98 35 96 65 67 76 42 32 44 8 97 75 43 19 20 88 86 95 74 68 38 22 90 5 60 83 99 23 10 1 18 14 100 37 24 13 26 6 78 62 12 58 80 53 3 82 72 55 28 45 64
25 20 13 85 3 18 45 97 31 10 41 68 81 42 61 40 55 9 36 72 34 29 2 89 96 51 70 84 48 54 47 52 69 32 44 67 87 63 35 77 11 86 79 50 71 6 78 83 57 98 65 37 66 7 39 14 23 74 12 33 1 17 5 16 80 59 82 95 15 53 64 56 28 24 93 46 8 92 94 43 62 99 4 76 75 49 73 100 22 19 91 58 21 88 27 30 60 90 38 26
80 74 13 30 94 82 90 29 14 35 95 98 47 96 16 49 24 46 67 18 2 68 17 28 37 78 84 79 92 25 81 72 19 32 9 44 97 58 36 83 54 4 40 70 26 20 59 50 11 3 51 43 87 57 23 88 55 39 89 65 73 85 34 12 22 8 41 86 1 48 27 91 99 60 10 77 38 6 15 69 33 64 100 5 93 53 52 63 21 76 62 61 7 42 56 75 71 31 45 66
49 71 96 22 93 54 70 77 8 61 55 88 65 21 56 50 83 94 13 30 75 23 41 63 97 1 51 7 29 2 89 68 11 44 53 4 42 46 15 74 27 90 38 9 10 6 35 87 24 92 66 19 17 34 18 84 28 80 32 43 78 82 14 81 39 79 16 86 64 59 99 12 33 37 62 52 48 69 91 58 45 60 72 36 73 85 57 47 20 26 100 40 3 95 25 67 76 31 98 5
14 30 20 36 13 2 67 46 47 24 31 91 48 32 90 79 52 70 19 9 66 11 100 87 81 33 99 5 22 73 68 96 44 93 75 65 21 80 62 56 15 35 41 27 26 6 63 61 23 71 39 38 59 69 55 64 54 92 49 51 86 12 1 58 28 97 34 50 10 57 84 4 72 29 77 43 95 37 17 45 83 18 25 89 88 76 16 85 42 7 94 8 74 60 3 78 53 98 82 40
59 39 94 22 32 6 12 9 58 100 46 27 54 84 21 93 56 55 34 25 89 96 36 31 53 50 72 67 87 90 3 33 83 28 14 66 68 30 41 77 45 52 15 95 13 80 91 82 75 29 62 7 81 76 70 48 8 42 74 40 44 97 63 47 23 88 10 20 92 18 49 69 60 65 37 71 1 2 78 43 11 98 35 4 79 26 17 57 85 38 64 73 61 51 86 24 19 99 5 16
59 78 54 53 38 23 57 50 68 60 20 89 65 14 33 75 16 73 67 43 94 95 63 58 90 3 100 29 37 31 56 7 48 36 71 44 27 39 93 26 51 46 6 98 72 18 83 8 41 99 52 92 96 62 15 24 21 19 2 66 76 17 34 69 74 40 28 64 91 22 4 11 97 80 85 25 42 32 1 5 87 30 13 86 10 77 49 81 61 47 84 82 70 35 12 45 9 55 88 79
27 38 80 20 97 79 73 90 25 32 82 2 30 51 66 36 40 70 85 11 87 39 50 96 42 88 23 10 58 71 15 3 21 98 13 29 5 95 49 59 31 55 17 75 83 81 14 89 99 28 92 63 68 56 46 78 74 22 48 61 43 47 100 35 12 77 72 93 1 45 91 37 67 4 33 62 19 34 44 69 7 16 86 18 76 6 9 60 26 84 24 57 8 94 65 41 64 52 54 53
12 60 9 97 46 95 57 68 29 18 80 43 99 84 14 88 72 61 91 27 82 71 35 77 53 59 3 21 96 40 38 74 22 65 92 19 17 6 20 32 81 49 25 89 28 23 16 79 8 78 36 100 56 98 5 76 52 2 4 37 55 70 50 93 26 13 63 10 24 39 94 33 69 48 44 73 15 11 51 67 42 85 64 58 34 87 66 7 47 31 75 83 41 62 54 86 1 90 45 30
81 64 49 66 73 65 58 57 86 30 14 70 25 29 33 12 67 38 27 56 69 47 89 63 11 76 92 35 31 77 41 52 85 71 43 37 90 19 59 10 15 23 75 88 51 74 83 96 20 61 18 53 55 3 62 5 100 1 24 28 84 36 97 98 48 4 72 6 9 17 94 21 8 54 68 82 99 50 42 40 95 45 46 13 7 87 32 2 39 80 26 60 93 79 22 78 91 44 16 34
47 22 74 65 43 71 38 11 79 37 10 54 19 8 96 92 64 21 9 81 23 34 36 75 88 53 97 56 89 20 63 66 76 24 7 31 6 68 49 61 35 29 98 18 32 46 44 17 41 40 13 4 100 14 12 59 78 42 85 94 52 99 95 39 5 1 45 2 26 48 27 55 83 77 15 72 58 73 33 67 25 50 87 69 93 3 28 80 70 82 60 62 57 86 90 84 30 51 91 16
39 37 83 92 29 58 96 33 94 95 18 80 36 85 62 90 15 26 20 21 51 34 50 56 7 1 71 22 82 55 4 31 53 93 67 48 40 66 5 11 41 35 64 43 23 17 54 28 70 89 6 60 49 44 91 86 25 63 9 65 10 3 13 75 30 77 74 38 87 57 32 98 79 45 73 47 76 42 100 61 72 2 68 97 27 99 88 19 16 14 81 52 12 24 78 46 69 84 8 59
28 14 92 51 39 30 95 38 94 85 65 67 13 70 53 75 12 25 41 49 1 91 87 72 55 59 22 47 88 35 71 6 26 2 89 77 36 40 11 58 4 24 54 73 78 84 43 3 60 69 80 19 10 63 46 97 79 52 33 100 21 93 20 81 74 96 31 44 76 18 23 62 8 34 27 99 37 68 29 45 9 83 48 86 57 42 98 17 32 64 15 90 5 61 7 50 16 56 82 66
41 63 98 83 69 51 49 64 48 93 33 57 76 11 99 17 66 62 15 75 16 32 82 71 9 35 42 44 60 6 52 85 25 81 43 5 29 54 67 50 19 77 86 10 26 40 30 96 3 18 80 45 79 97 78 91 1 89 56 100 46 20 22 23 14 31 73 2 88 27 8 13 12 70 24 7 58 28 4 37 55 72 92 36 53 47 59 90 38 21 94 74 34 87 68 65 39 95 61 84
95 96 4 22 3 8 83 43 63 50 37 15 87 6 57 52 99 36 20 93 30 10 89 21 81 24 12 32 82 85 60 31 53 66 70 44 17 29 100 2 68 58 55 48 77 25 39 49 35 71 33 59 67 91 75 45 11 69 64 79 7 16 9 41 51 84 80 76 94 56 13 28 97 54 38 42 26 19 5 88 62 74 61 86 27 18 14 34 78 98 92 65 72 23 47 40 1 73 90 46
41 58 93 66 37 99 5 32 53 89 55 76 17 7 44 29 4 19 56 69 38 88 46 21 11 8 78 3 81 72 77 35 24 98 65 80 30 64 84 63 14 100 13 1 43 74 16 50 85 48 67 79 68 60 28 49 15 75 25 61 18 33 39 82 52 94 34 92 87 51 6 2 91 90 70 71 31 47 73 26 12 10 27 96 42 97 40 62 45 36 86 95 59 22 57 54 23 9 20 83
35 70 92 55 93 73 37 26 41 38 13 75 5 91 81 72 69 43 71 95 77 23 17 64 50 12 31 58 1 47 62 21 14 48 94 33 60 8 66 34 11 87 16 85 29 32 82 88 2 100 9 4 3 67 99 18 20 84 74 83 97 79 63 36 98 24 96 68 46 44 42 54 10 76 39 22 56 59 53 28 27 45 86 49 61 15 6 90 7 52 25 40 19 65 89 78 51 57 30 80
83 7 90 71 89 15 48 59 29 39 11 16 99 36 47 73 96 82 22 21 87 5 68 17 37 20 10 56 40 53 27 94 33 52 1 30 18 91 100 41 75 69 28 38 2 66 74 35 42 80 62 32 86 67 51 63 50 88 31 34 6 43 61 97 95 8 79 72 54 46 57 23 14 81 24 19 58 13 92 77 64 85 93 45 3 84 4 70 78 25 65 12 9 60 76 44 26 98 49 55
35 85 46 47 41 8 17 77 96 12 100 76 6 69 19 36 37 86 33 51 13 81 23 66 70 97 3 25 98 53 45 59 26 65 55 92 67 30 18 80 39 89 82 14 94 9 15 38 56 22 43 10 52 21 74 28 87 1 29 93 79 54 64 44 60 5 63 88 2 58 62 4 75 31 42 90 40 48 84 95 78 32 73 57 50 7 83 91 99 49 24 61 16 72 71 34 11 68 27 20
62 30 83 14 53 50 22 89 65 21 33 2 36 32 45 72 52 95 75 80 3 24 31 27 60 74 42 47 93 78 68 46 11 43 81 35 28 34 51 8 98 17 92 54 86 41 49 9 56 40 55 70 82 25 39 99 90 76 79 19 94 20 16 7 71 85 15 77 96 69 29 37 18 4 59 57 88 61 1 6 63 23 48 66 44 87 58 73 67 10 5 64 38 13 100 97 12 91 26 84
19 100 62 1 55 13 45 72 67 88 81 34 82 61 94 92 80 59 90 57 26 7 33 73 65 60 54 9 16 71 38 20 86 15 68 50 52 78 31 3 25 2 32 49 98 63 64 96 6 85 83 4 48 75 56 37 53 51 17 24 28 12 91 93 29 40 58 27 97 95 5 41 21 79 39 30 89 11 42 18 43 69 99 66 74 77 8 47 44 70 14 35 46 87 23 76 36 84 10 22
27 65 10 36 98 48 93 9 67 52 89 69 99 83 30 74 14 59 5 8 78 39 64 29 51 75 54 24 4 92 38 33 68 49 37 81 3 23 32 22 34 43 62 12 87 71 90 26 19 57 70 46 42 15 60 72 20 85 53 56 77 76 55 91 97 40 45 13 18 84 63 50 7 47 96 94 21 58 28 11 61 86 82 31 16 17 6 88 66 100 1 2 44 79 73 95 35 41 80 25
49 88 31 70 80 23 85 29 81 83 27 45 90 20 18 40 75 100 3 68 34 64 84 42 69 41 1 13 17 78 15 96 22 74 79 28 65 32 8 14 66 87 19 52 91 38 92 58 72 94 57 12 6 51 59 48 30 99 46 44 5 9 56 76 71 63 21 47 24 61 50 73 77 26 11 62 98 60 2 89 43 54 7 86 97 36 95 82 16 4 67 35 53 25 37 33 10 39 93 55
13 21 10 90 45 41 3 99 64 87 91 5 95 20 84 39 54 97 68 43 29 98 55 1 58 35 69 6 18 32 85 51 86 44 76 11 40 94 16 2 12 8 93 67 92 4 62 53 73 74 79 82 72 80 47 25 66 15 7 83 37 34 31 19 23 96 50 89 49 14 33 61 24 9 71 57 48 75 27 42 65 59 46 36 56 88 30 28 38 52 81 26 22 77 70 78 100 63 17 60
87 39 35 56 10 59 42 52 4 32 68 89 58 75 43 22 53 100 45 55 19 92 18 13 78 74 17 57 7 20 79 21 24 51 96 50 14 70 36 15 41 97 11 71 38 46 93 86 95 40 91 8 29 62 94 83 77 85 66 67 88 34 63 26 5 48 31 76 64 69 82 84 47 99 98 60 73 81 9 16 61 25 2 65 37 27 80 49 72 33 28 30 6 3 54 12 1 23 90 44
97 62 78 8 98 67 80 36 81 54 65 26 83 72 4 90 20 60 7 84 88 69 57 59 73 2 19 48 87 85 13 45 9 70 10 34 44 12 51 5 41 86 99 22 56 96 77 55 89 66 46 75 21 37 1 16 63 100 25 38 92 32 39 95 3 82 91 64 33 29 35 31 18 11 27 40 6 68 53 42 43 24 74 71 47 28 15 17 61 76 23 79 49 14 94 93 58 30 50 52
36 66 18 60 25 71 85 28 84 63 10 98 42 13 27 92 19 1 7 65 41 24 5 46 38 93 56 57 2 35 83 75 79 78 12 23 80 74 70 99 54 44 77 21 55 39 8 73 48 86 34 97 47 53 89 16 62 91 14 68 96 20 82 31 88 51 94 90 61 6 9 26 22 95 59 58 100 72 64 81 3 15 50 87 32 4 33 52 45 11 29 30 17 40 43 69 67 76 37 49
43 91 68 56 84 51 79 76 72 32 23 10 80 33 54 100 58 44 97 60 1 65 52 45 96 14 85 73 98 17 75 78 35 59 18 22 90 63 24 62 69 61 16 66 55 42 70 46 13 3 38 71 6 39 92 36 11 30 27 88 89 47 94 82 2 20 41 81 50 29 8 77 93 48 25 40 4 19 37 57 49 15 74 87 53 31 21 99 12 7 5 34 95 83 9 86 67 26 64 28
70 71 37 31 60 20 51 77 30 64 42 75 7 78 85 65 22 25 36 93 62 49 100 57 67 61 32 82 13 80 45 66 12 90 47 1 63 54 27 86 52 58 84 35 94 39 50 40 89 38 74 6 15 69 76 59 48 11 55 81 8 56 68 16 97 4 72 96 41 2 17 19 53 44 73 98 5 83 88 23 10 28 92 29 87 95 91 43 18 33 79 24 34 3 21 46 26 9 99 14
17 51 18 56 58 38 91 1 93 78 100 10 72 52 57 20 11 75 90 27 65 44 87 60 14 98 45 42 3 80 73 26 97 54 9 92 86 70 19 66 4 22 69 43 37 5 74 25 77 95 41 83 81 61 88 62 23 36 67 15 64 28 50 34 39 32 33 55 8 99 59 7 46 29 76 21 84 96 68 12 85 48 89 94 63 47 24 40 53 30 31 16 79 2 49 13 35 82 71 6
